17.0 0.4476183863352312
34.0 0.4512984307735037
51.0 0.46342174697958616
68.0 0.4684488265518678
85.0 0.4802388557144841
102.0 0.4587835022913484
119.0 0.4696847660047216
136.0 0.44735453409248715
153.0 0.46500486043605055
170.0 0.45642271906679627
187.0 0.4569504235522844
204.0 0.455006249132065
221.0 0.4521733092626024
238.0 0.44871545618664077
255.0 0.44820163866129703
272.0 0.4499513956394945
289.0 0.4471323427301764
306.0 0.44860436050548536
323.0 0.44845160394389666
340.0 0.44970143035689486
357.0 0.4503957783641161
374.0 0.45042355228440495
391.0 0.45046521316483823
408.0 0.45378419663935565
425.0 0.4519233439800028
442.0 0.45247882238577974
459.0 0.45132620469379253
476.0 0.4506735175670046
493.0 0.45124288293292597
510.0 0.4511595611720594
527.0 0.4494792389945841
544.0 0.4497153173170393
561.0 0.44999305651992777
578.0 0.45071517844743786
595.0 0.45139563949451467
612.0 0.45157616997639216
629.0 0.45110401333148176
646.0 0.45122899597278154
663.0 0.45036800444382724
680.0 0.4492431606721289
697.0 0.4502569087626718
714.0 0.4498819608387724
731.0 0.44859047354534093
748.0 0.447840577697542
765.0 0.4480488820997084
782.0 0.4488126649076517
799.0 0.4489793084293848
816.0 0.44907651715039576
833.0 0.4491876128315512
850.0 0.44932648243299544
867.0 0.4490487432301069
884.0 0.4490348562699625
901.0 0.44917372587140675
918.0 0.44884043882794056
935.0 0.448298847382308
952.0 0.44811831690043047
969.0 0.4481044299402861
986.0 0.4471878905707541
1003.0 0.4466879600055548
1020.0 0.44716011665046523
1037.0 0.4481460908207193
1054.0 0.4468546035272879
1071.0 0.4467573948062769
1088.0 0.44538258575197887
1105.0 0.4454103596722677
1122.0 0.44552145535342313
1139.0 0.4453964727121233
1156.0 0.4460908207193445
1173.0 0.4460908207193445
1190.0 0.4458825163171782
1207.0 0.4458825163171782
1224.0 0.4458964032773226
1241.0 0.44591029023746703
1258.0 0.445549229273712
1275.0 0.44463268990418
1292.0 0.44513262046937924
1309.0 0.44528537703096793
1326.0 0.4454103596722677
1343.0 0.444993750867935
1360.0 0.44504929870851273
1377.0 0.4451187335092348
1394.0 0.44557700319400084
1411.0 0.44552145535342313
1428.0 0.44559089015414527
1445.0 0.44632689904179973
1462.0 0.4459519511179003
1479.0 0.4458547423968893
1496.0 0.44591029023746703
1513.0 0.4460352728787668
1530.0 0.4461324815997778
1547.0 0.44597972503818917
1564.0 0.44567421191501183
1581.0 0.44586862935703375
1598.0 0.4453964727121233
1615.0 0.44535481183169007
1632.0 0.4453131509512568
1649.0 0.4451742813498125
1666.0 0.44520205527010137
1683.0 0.44506318566865716
1700.0 0.4448687682266352
