5.0 0.857392728 0.965842724 0.685924053
10.0 0.940764666 0.944224417 0.913473845
15.0 0.947864771 0.967313588 0.907088101
20.0 0.856699944 0.983621895 0.671565473
25.0 0.857142866 0.982750595 0.673482418
30.0 0.947759151 0.972758591 0.901565969
35.0 0.855193853 0.986275434 0.666453481
40.0 0.855636656 0.985835671 0.667946279
45.0 0.855674267 0.983992457 0.669228315
50.0 0.857200861 0.9840675 0.672861278
55.0 0.857104182 0.983614206 0.673181653
60.0 0.857007325 0.9840675 0.672861278
65.0 0.857046008 0.98407495 0.673181653
70.0 0.857220411 0.983621895 0.673933983
75.0 0.948118985 0.973356426 0.90218091
80.0 0.948083699 0.973356426 0.90218091
85.0 0.948048413 0.973356426 0.90218091
90.0 0.948013067 0.973356426 0.90218091
95.0 0.947977662 0.97332871 0.902086675
100.0 0.948078513 0.972972989 0.902603686
105.0 0.948043108 0.973300993 0.902282238
110.0 0.947871208 0.972944856 0.902219355
115.0 0.947972119 0.97326386 0.902156413
120.0 0.947799921 0.972907245 0.90209341
125.0 0.947764277 0.97288841 0.902030289
130.0 0.94800216 0.972559929 0.902934551
135.0 0.947829664 0.972222209 0.902934551
140.0 0.947930932 0.972222209 0.90322578
145.0 0.947895229 0.972202897 0.903163314
150.0 0.939215124 0.974258125 0.880167961
