2.0 0.717985272 0.719306946 0.982088566
4.0 0.762482166 0.757831037 0.973292768
6.0 0.775160611 0.761163056 0.991545498
8.0 0.764999986 0.751983643 0.99391067
10.0 0.745532513 0.818703592 0.820365369
12.0 0.865283728 0.908655465 0.899119854
14.0 0.844189942 0.897099435 0.879783273
16.0 0.893266499 0.914569557 0.935953915
18.0 0.877658308 0.895488501 0.935571373
20.0 0.899808705 0.94013226 0.916214406
22.0 0.923205733 0.957810342 0.93213439
24.0 0.940387845 0.96548152 0.949422956
26.0 0.923814058 0.940328538 0.952461779
28.0 0.923519552 0.944463253 0.947350562
30.0 0.93498081 0.94892472 0.959565043
32.0 0.916706681 0.938789308 0.943575799
34.0 0.905837119 0.926111639 0.941856503
36.0 0.903605759 0.927873254 0.936394572
38.0 0.93528986 0.942932963 0.966995597
40.0 0.949699163 0.949884593 0.980599046
42.0 0.952805221 0.939685583 0.997276127
44.0 0.940240979 0.935515225 0.98331064
46.0 0.900651097 0.897072732 0.971039176
48.0 0.903498173 0.927751541 0.936605334
50.0 0.929744065 0.91960597 0.987039566
52.0 0.93188405 0.925200641 0.983282149
54.0 0.905487061 0.897339582 0.97849828
56.0 0.927672982 0.919591606 0.983953595
58.0 0.92253691 0.918485224 0.977459013
60.0 0.924436927 0.920012832 0.978476226
62.0 0.922946453 0.912658215 0.98564595
64.0 0.926545441 0.932102859 0.966837585
66.0 0.934012592 0.939655185 0.969220221
68.0 0.926438451 0.933487773 0.965104342
70.0 0.931729853 0.935090601 0.971252561
72.0 0.93289572 0.934889853 0.973296821
74.0 0.932360113 0.931417346 0.976712346
76.0 0.928414881 0.933597624 0.968139768
78.0 0.931530237 0.93702352 0.968814254
80.0 0.932211637 0.934188902 0.973260224
85.0 0.951892555 0.960040629 0.972889483
90.0 0.931557059 0.939545751 0.966002762
95.0 0.955702424 0.958333313 0.980405629
100.0 0.969860315 0.964297652 0.99449414
105.0 0.971533716 0.964964986 0.996210814
110.0 0.970270276 0.971816659 0.986896574
115.0 0.949557066 0.941601038 0.990680039
120.0 0.954422295 0.948658526 0.989633739
125.0 0.959042668 0.956434309 0.987543225
175.0 0.959351599 0.956389427 0.988124371
