2.0 0.717985272 0.719306946 0.982088566
4.0 0.748276711 0.774819076 0.905003369
6.0 0.727942944 0.76584506 0.882949948
8.0 0.789674044 0.833655715 0.875423133
10.0 0.729826212 0.800330579 0.820121944
12.0 0.735651374 0.799674273 0.832203388
14.0 0.718132019 0.794854641 0.806987762
16.0 0.810250282 0.855772436 0.87784189
18.0 0.830908656 0.910458744 0.842158854
20.0 0.832975447 0.914022148 0.841372311
22.0 0.862497032 0.91950357 0.881373227
24.0 0.863864362 0.910034597 0.894557834
26.0 0.832019091 0.864125133 0.902654886
28.0 0.814487219 0.828267455 0.928133488
30.0 0.860320508 0.884993434 0.920586228
32.0 0.851878464 0.878559709 0.915416121
34.0 0.918841302 0.967532456 0.915046036
36.0 0.919760466 0.960582376 0.923523366
38.0 0.916606784 0.976718426 0.902663946
40.0 0.91584754 0.979158938 0.899179757
42.0 0.911969304 0.976163864 0.896374822
44.0 0.884089291 0.98031497 0.851864517
46.0 0.878751516 0.980127215 0.844231427
48.0 0.885899603 0.979968607 0.854744792
50.0 0.888969004 0.97048676 0.86801511
52.0 0.888194263 0.971153855 0.866209269
54.0 0.868174136 0.963194966 0.844200432
56.0 0.888567984 0.97516495 0.862980783
58.0 0.897182763 0.965853631 0.884536088
60.0 0.891592383 0.973056197 0.869325995
62.0 0.896360576 0.971080661 0.878183067
64.0 0.894381464 0.970610678 0.875688732
66.0 0.881061494 0.969602466 0.857044458
68.0 0.877866268 0.97053045 0.851430535
70.0 0.881671071 0.970691681 0.856847167
72.0 0.899009407 0.975815713 0.877459466
74.0 0.907179117 0.980114698 0.885319531
76.0 0.889963746 0.976917028 0.863117874
78.0 0.907573164 0.976814926 0.888965786
80.0 0.899782121 0.96506387 0.888927341
85.0 0.894328654 0.969336927 0.876603127
90.0 0.913127899 0.978013635 0.895833313
95.0 0.890427589 0.974549711 0.865739107
100.0 0.890780807 0.973406315 0.867247403
105.0 0.907208979 0.978428364 0.88656193
110.0 0.904169738 0.979029119 0.881468534
115.0 0.887451172 0.974623322 0.860945702
120.0 0.905402124 0.98313725 0.879340589
125.0 0.906510055 0.97863245 0.885101914
175.0 0.91451931 0.987669051 0.887736857
