2.0 0.717985272 0.719306946 0.982088566
4.0 0.708580911 0.755005896 0.866801918
6.0 0.858501792 0.840889394 0.985114992
8.0 0.865810156 0.864329278 0.959715664
10.0 0.840752184 0.840644598 0.954268277
12.0 0.835437 0.837264836 0.950508475
14.0 0.814391255 0.830539465 0.924355507
16.0 0.826460063 0.83464092 0.938900232
18.0 0.83544004 0.844906688 0.937860787
20.0 0.852302551 0.851907909 0.955827415
22.0 0.873716891 0.882688642 0.945973516
24.0 0.892763317 0.901159048 0.951717079
26.0 0.896296322 0.903641641 0.954066038
28.0 0.901745141 0.905067325 0.960844398
30.0 0.878497958 0.887117326 0.947547674
32.0 0.872457504 0.882240593 0.944463372
34.0 0.867129505 0.875355005 0.945466936
36.0 0.906586826 0.915088177 0.955661654
38.0 0.901988983 0.908855021 0.956313968
40.0 0.90649724 0.919115245 0.950495064
42.0 0.888462484 0.903373718 0.94193989
44.0 0.892968535 0.917255282 0.931670666
46.0 0.907803118 0.929658413 0.939829051
48.0 0.88325727 0.924147546 0.908344746
50.0 0.884883463 0.936451256 0.897058845
52.0 0.874729514 0.931083977 0.887444377
54.0 0.850132287 0.915462434 0.866917551
56.0 0.850541532 0.916696846 0.866187572
58.0 0.848784029 0.913749576 0.866826415
60.0 0.859070122 0.927499056 0.867465734
62.0 0.859243214 0.930970848 0.863994539
64.0 0.892211258 0.942990303 0.901302278
66.0 0.900844395 0.956965744 0.899554312
68.0 0.89910692 0.955839396 0.898148119
70.0 0.899782658 0.969560325 0.885380924
72.0 0.900942266 0.963690281 0.89289391
74.0 0.90403676 0.976867676 0.884615362
76.0 0.905441344 0.972962797 0.890377998
78.0 0.906847298 0.979483306 0.88621521
80.0 0.904381514 0.980489671 0.881664932
85.0 0.912990808 0.981082082 0.893521726
90.0 0.902936161 0.973464727 0.886128366
95.0 0.912536442 0.98956722 0.884934366
100.0 0.910727322 0.986507297 0.885160863
105.0 0.898928404 0.98815167 0.866643548
110.0 0.91465497 0.987297893 0.890006959
115.0 0.902832031 0.985524237 0.874652803
120.0 0.930579305 0.990915954 0.909659505
125.0 0.925110161 0.991963267 0.900938451
175.0 0.964568853 0.998522878 0.951107979
