5.0 0.962379515 0.958966792 0.980736554
10.0 0.95153445 0.937533677 0.961247623
15.0 0.951588809 0.938973486 0.96329236
20.0 0.959229887 0.944055021 0.962317765
25.0 0.967664182 0.91636312 0.913018763
30.0 0.969336689 0.895788312 0.881449163
35.0 0.969323874 0.895853043 0.881571472
40.0 0.969291806 0.89578265 0.881458938
45.0 0.969259739 0.895712137 0.881346285
50.0 0.969227552 0.895641565 0.881233335
55.0 0.969195306 0.895570934 0.881120205
60.0 0.969163001 0.895500124 0.881006837
65.0 0.969130635 0.895429254 0.88089329
70.0 0.969104648 0.895358324 0.880802274
75.0 0.969072163 0.895287275 0.88068831
80.0 0.969039619 0.895216107 0.880574167
85.0 0.963074625 0.958656311 0.979310334
90.0 0.96304673 0.958628178 0.979294479
95.0 0.969165802 0.895138204 0.88029927
100.0 0.969338119 0.895203054 0.880184352
105.0 0.969305694 0.895131588 0.880069196
110.0 0.969279647 0.895060062 0.879976928
115.0 0.969048142 0.894851863 0.879884481
120.0 0.969234049 0.894916654 0.879815102
125.0 0.969207883 0.89484477 0.879722416
130.0 0.968769908 0.894499183 0.879629612
135.0 0.968736708 0.894426942 0.879513443
140.0 0.968723416 0.894491613 0.879636765
145.0 0.968703449 0.894556403 0.87973702
150.0 0.968676746 0.894484103 0.879643977
