2.0 0.222431421 0.0135829663 0.0118135372
4.0 0.308851212 0.0149903288 0.00989782903
6.0 0.563643694 0.00877192989 3.19386774E-4
8.0 0.853701234 0.896391153 0.738019168
10.0 0.83077544 0.761958063 0.870287538
12.0 0.57850796 0.0 0.0
14.0 0.795662701 0.983783782 0.523657262
16.0 0.866882265 0.963604867 0.710997462
18.0 0.765633404 0.963284373 0.461464673
20.0 0.726745725 0.970865488 0.362444013
22.0 0.794902921 0.95160383 0.540946901
24.0 0.855273783 0.947276711 0.695457458
26.0 0.853885591 0.950595498 0.689379394
28.0 0.861403525 0.945269406 0.712731898
30.0 0.861636043 0.915314615 0.740396917
32.0 0.862273812 0.928687871 0.729513466
34.0 0.856969178 0.943704367 0.702944934
36.0 0.862469614 0.925970852 0.732714474
38.0 0.878378391 0.929953575 0.769698918
40.0 0.876453102 0.936363637 0.758808434
42.0 0.882098436 0.927404046 0.781800687
44.0 0.874492824 0.948466241 0.743031085
46.0 0.863636374 0.971849859 0.697115362
48.0 0.889174581 0.946103156 0.782051265
50.0 0.88914454 0.945757449 0.782371819
52.0 0.924722433 0.926455915 0.892593801
54.0 0.896668494 0.935650885 0.811157405
56.0 0.884177744 0.941153526 0.774286628
58.0 0.877506793 0.958212674 0.742545664
60.0 0.781919241 0.987726092 0.490221232
62.0 0.877440333 0.957437992 0.743104577
64.0 0.885272563 0.938271582 0.779987156
66.0 0.872083545 0.963326216 0.724967897
68.0 0.880189955 0.950746894 0.755776644
70.0 0.869706869 0.966666639 0.716623902
72.0 0.892071664 0.951010883 0.785232723
74.0 0.89353615 0.937007844 0.802247167
76.0 0.897446334 0.943921745 0.805395007
78.0 0.9129076 0.956088543 0.832316101
80.0 0.910573542 0.947176695 0.835207224
85.0 0.929552555 0.934316337 0.896463037
90.0 0.93522048 0.9323259 0.913127422
95.0 0.931907952 0.925285459 0.912777603
100.0 0.928590894 0.917259216 0.913715363
105.0 0.938088119 0.945228517 0.90625
110.0 0.936408281 0.942895532 0.904608428
115.0 0.936911106 0.93943429 0.909764767
120.0 0.939737618 0.944240391 0.91166991
125.0 0.939969897 0.945150495 0.911318958
175.0 0.940245092 0.944332659 0.913099885
