2.0 0.184842005 0.0335968398 0.00574518414
4.0 0.296648443 NaN 0.0
6.0 0.296313912 NaN 0.0
8.0 0.295979053 NaN 0.0
10.0 0.295643896 NaN 0.0
12.0 0.810907364 0.788323104 1.0
14.0 0.661186576 0.848250806 0.631810486
16.0 0.708462477 0.827651501 0.739925504
18.0 0.818030059 0.794719815 0.999661148
20.0 0.817943215 0.794450402 1.0
22.0 0.812604427 0.789656997 1.0
24.0 0.809648931 0.787012279 1.0
26.0 0.806212664 0.783963799 1.0
28.0 0.805402815 0.783222377 1.0
30.0 0.819421172 0.795829952 0.999659836
32.0 0.799712837 0.778278172 1.0
34.0 0.799377561 0.7779544 1.0
36.0 0.798323333 0.777012706 1.0
38.0 0.79606998 0.775046289 1.0
40.0 0.795013189 0.77410835 1.0
42.0 0.793475628 0.772763252 1.0
44.0 0.792896569 0.772235394 1.0
46.0 0.792316914 0.771707594 1.0
48.0 0.791496515 0.770976245 1.0
50.0 0.790435016 0.770042181 1.0
52.0 0.789612889 0.769311905 1.0
54.0 0.789752245 0.769393146 1.0
56.0 0.788447678 0.76825732 1.0
58.0 0.787864208 0.767730057 1.0
60.0 0.787761986 0.76760751 1.0
62.0 0.786936641 0.766877651 1.0
64.0 0.779840827 0.760932207 1.0
66.0 0.779493392 0.76060766 1.0
68.0 0.7789042 0.760083795 1.0
70.0 0.785559058 0.765575528 1.0
72.0 0.785455406 0.76545167 1.0
74.0 0.778100073 0.759307802 1.0
76.0 0.777992725 0.759181559 1.0
78.0 0.777885318 0.759055138 1.0
80.0 0.777293622 0.7585302 1.0
85.0 0.772176445 0.754248381 1.0
90.0 0.772385359 0.754321635 1.0
95.0 0.823372185 0.811413646 0.973583579
100.0 0.85332036 0.83679527 0.981552362
105.0 0.828543603 0.908679247 0.839024365
110.0 0.821019292 0.95209837 0.783397257
115.0 0.809082031 0.96599555 0.75357765
120.0 0.809826434 0.965578914 0.754980803
125.0 0.824522734 0.945833325 0.79453975
175.0 0.890733421 0.964816272 0.875487745
