2.0 0.184842005 0.0335968398 0.00574518414
4.0 0.704064667 0.70666343 0.989854574
6.0 0.385493457 0.585511208 0.431856602
8.0 0.22103259 0.194230765 0.0341677926
10.0 0.22304213 0.270430893 0.0615905263
12.0 0.260776371 0.444769561 0.20589231
14.0 0.282821059 0.482471764 0.275160968
16.0 0.521096528 0.638072848 0.736520827
18.0 0.665633202 0.691639781 0.946046829
20.0 0.461465031 0.616819263 0.617447376
22.0 0.362377644 0.568558514 0.384510875
24.0 0.590637684 0.669986188 0.822969735
26.0 0.583990455 0.678137064 0.777022421
28.0 0.579488397 0.668377519 0.797278941
30.0 0.702941895 0.702941895 1.0
32.0 0.702799737 0.702799737 1.0
34.0 0.702896833 0.702896833 1.0
36.0 0.630658686 0.679659247 0.897409678
38.0 0.702612042 0.702612042 1.0
40.0 0.702469409 0.702469409 1.0
42.0 0.702566564 0.702566564 1.0
44.0 0.702423811 0.702423811 1.0
46.0 0.8228091 0.799234152 0.998632967
48.0 0.703579128 0.703222692 1.0
50.0 0.702475369 0.702475369 1.0
52.0 0.794181287 0.77336508 1.0
54.0 0.827760398 0.803748608 0.998630166
56.0 0.800481319 0.805141687 0.944482505
58.0 0.801589191 0.806262791 0.944463491
60.0 0.802216351 0.807816625 0.942729771
62.0 0.800915897 0.803488374 0.948524356
64.0 0.800819874 0.805327892 0.944711566
66.0 0.803377569 0.808110476 0.944368124
68.0 0.81245476 0.789259553 1.0
70.0 0.822265148 0.813691497 0.968707025
72.0 0.841749191 0.817004502 0.998279989
74.0 0.814358234 0.819623113 0.943201363
76.0 0.817170501 0.825204492 0.938339651
78.0 0.806436002 0.816621482 0.934206009
80.0 0.801500857 0.809821427 0.937629223
85.0 0.802472115 0.810303748 0.938599527
90.0 0.804901719 0.808316112 0.946804821
95.0 0.810009718 0.819642305 0.935316503
100.0 0.81123817 0.827950299 0.923130214
105.0 0.831953228 0.837954402 0.943134546
110.0 0.904169738 0.883513093 0.994795263
115.0 0.881347656 0.887808025 0.9513551
120.0 0.903691053 0.88267982 0.995127022
125.0 0.873225629 0.878095865 0.95155108
175.0 0.904608548 0.884699941 0.993648529
