2.0 0.184842005 0.0335968398 0.00574518414
4.0 0.533761322 0.84439832 0.412918508
6.0 0.817749202 0.794354856 0.999661684
8.0 0.741252065 0.815327466 0.817258894
10.0 0.707717955 0.828952372 0.736628294
12.0 0.706555426 0.832689345 0.729766369
14.0 0.701574445 0.841703475 0.709688365
16.0 0.710432112 0.842665613 0.724161327
18.0 0.719369471 0.818900466 0.772542357
20.0 0.728315413 0.81678319 0.792132914
22.0 0.717599213 0.81814909 0.770691991
24.0 0.712610662 0.817916989 0.762130976
26.0 0.712404191 0.820418656 0.758316338
28.0 0.708602905 0.823904097 0.74668932
30.0 0.71031177 0.834103167 0.736073375
32.0 0.706573904 0.821135163 0.747196734
34.0 0.661464572 0.875551224 0.607203543
36.0 0.666586578 0.874277472 0.616927266
38.0 0.672115386 0.869320869 0.631077886
40.0 0.671638191 0.868507266 0.631292522
42.0 0.666426003 0.858992159 0.632187843
44.0 0.668834269 0.858321846 0.637168169
46.0 0.695589304 0.853164554 0.688457608
48.0 0.694404244 0.852854133 0.686989129
50.0 0.707216978 0.854321003 0.707325399
52.0 0.6942029 0.853090584 0.686775744
54.0 0.695189774 0.852445185 0.689396501
56.0 0.693759084 0.854770005 0.684515715
58.0 0.71532315 0.854832172 0.721255541
60.0 0.713905036 0.855343342 0.718430042
62.0 0.700678647 0.827027023 0.731307626
64.0 0.700945914 0.83118403 0.72643441
66.0 0.710507154 0.821111083 0.757430792
68.0 0.806216598 0.796378851 0.977101862
70.0 0.814094782 0.796866417 0.9911111
72.0 0.813715935 0.79659152 0.99110806
74.0 0.813868642 0.796917975 0.990762889
76.0 0.813732624 0.796862125 0.99075973
78.0 0.813840151 0.796698749 0.991441309
80.0 0.813703954 0.79664284 0.991438329
85.0 0.812942624 0.79489994 0.99382925
90.0 0.813646376 0.7947945 0.995538771
95.0 0.813173354 0.794407904 0.995534182
100.0 0.814860225 0.794206083 0.999312222
105.0 0.810704648 0.790476203 0.999655902
110.0 0.812392414 0.795963526 0.991391182
115.0 0.811622739 0.795354009 0.991382301
120.0 0.811390519 0.795184076 0.99137336
125.0 0.812839508 0.795410573 0.993782401
175.0 0.811283052 0.793333352 0.995815873
