0 NaN
1 0.4482758620689655
2 0.4513233882395965
3 0.443506483611928
4 0.4462797324272022
5 0.43910280829536624
6 0.438295213860149
7 0.43788379782711384
8 0.43763999573346335
9 0.43719810443872187
10 0.43777713441114174
11 0.43767047099516965
12 0.437015252868484
13 0.4370457281301903
14 0.4364819357886236
15 0.43632955948009206
16 0.4358114800310848
17 0.4357048166151127
18 0.4356743413534064
19 0.4355981531991406
20 0.4358419552927911
21 0.43568957898425953
22 0.43533911347463694
23 0.4355067274140217
24 0.4356438660917001
25 0.43562862846084693
26 0.435537202675728
27 0.43527816295122435
28 0.4353238758437838
29 0.43555244030658113
