<<<<<<< HEAD
0 0.19315866774055998
1 0.1929292450594759
2 0.1916079603406153
3 0.19169829222011384
4 0.19077682576602664
5 0.19069546641348206
6 0.1890819212396321
7 0.18823865122583408
8 0.1880752491259781
9 0.18785082294738845
=======
0 NaN
<<<<<<< HEAD
<<<<<<< HEAD
1 0.19797988747618836
2 0.20522668079283096
3 0.17352734843513093
4 0.1790579464588275
5 0.15035546117625334
6 0.14682806026801212
7 0.14372591801680518
8 0.14315564635958394
9 0.14186473362607746
10 0.14421894932158183
11 0.14399703098905178
12 0.1414662484024631
13 0.14127327243567395
14 0.13875174662319517
15 0.13815758818321608
16 0.13623851070778706
17 0.1356517680009336
18 0.13568578029825668
19 0.1354682102511437
20 0.1360836288967706
21 0.13544682043141282
22 0.1339596625300895
23 0.13456057562024015
24 0.13503351316004575
25 0.13515154345491057
26 0.13484982951095334
27 0.13382569472035896
28 0.1340779512103935
29 0.13485297895695633
=======
>>>>>>> 539452bba74a7ec5fcd4b1951b5a1502784eb7cd
=======
>>>>>>> bf559807ef9f2e48eb10d255e2367b1aa75bcc4b
>>>>>>> 635d7f5b3d760dec4948490f80eb66da73f853a5
