0 NaN
<<<<<<< HEAD
1 0.7560480460159026
2 0.7657717015318728
3 0.7739200645942672
4 0.7878727634194831
5 0.7965272682807533
6 0.798590130916415
7 0.8047829477514947
8 0.8034923117018504
9 0.802154492905938
10 0.8012886597938145
11 0.8006190353366005
12 0.8010526315789473
13 0.8022703273495249
14 0.8040485829959514
15 0.8041768375372932
16 0.8041861746075462
17 0.8049861495844876
18 0.8043718871057001
19 0.8041008589637019
20 0.8053024026512013
21 0.8056095529019717
22 0.8064153066966798
23 0.8064967796135536
24 0.806640625
25 0.8059036480089111
26 0.8057493720346078
27 0.8060247747747747
28 0.8056725638865487
29 0.8059743160245673
=======
>>>>>>> 539452bba74a7ec5fcd4b1951b5a1502784eb7cd
