<<<<<<< HEAD
0 0.10998705082550987
1 0.1098251861443833
2 0.10896190784504155
3 0.1090158627387504
4 0.10842235890795295
5 0.1083684040142441
6 0.10731628358692133
7 0.10677673464983274
8 0.10666882486241502
9 0.10653393762814287
=======
0 NaN
<<<<<<< HEAD
<<<<<<< HEAD
1 0.11390340257423219
2 0.11849114311201733
3 0.0977188734548235
4 0.10100675417356951
5 0.08301261628647891
6 0.08084618325474703
7 0.07890913724990442
8 0.0785778004332866
9 0.07781317701032242
10 0.07924047406652224
11 0.07911303682936154
12 0.07758378998343315
13 0.07745635274627247
14 0.07592710590034409
15 0.07557028163629413
16 0.07442334650184784
17 0.07406652223779789
18 0.07409200968523003
19 0.07396457244806932
20 0.07432139671211928
21 0.07393908500063719
22 0.0730470243405123
23 0.07340384860456226
24 0.07368421052631578
25 0.07376067286861221
26 0.07358226073658723
27 0.07297056199821587
28 0.07312348668280871
29 0.07358226073658723
=======
>>>>>>> 539452bba74a7ec5fcd4b1951b5a1502784eb7cd
=======
>>>>>>> bf559807ef9f2e48eb10d255e2367b1aa75bcc4b
>>>>>>> 635d7f5b3d760dec4948490f80eb66da73f853a5
