2.0 0.488031209 0.424174339 0.602809727
4.0 0.460721016 0.377168447 0.430533379
6.0 0.48607561 0.401091009 0.446183324
8.0 0.6472013 0.619092166 0.422548711
10.0 0.640290678 0.572701216 0.575079858
12.0 0.640290678 0.572701216 0.575079858
14.0 0.640290678 0.572701216 0.575079858
16.0 0.640290678 0.572701216 0.575079858
18.0 0.640290678 0.572701216 0.575079858
20.0 0.640290678 0.572701216 0.575079858
22.0 0.640290678 0.572701216 0.575079858
24.0 0.640290678 0.572701216 0.575079858
26.0 0.640290678 0.572701216 0.575079858
28.0 0.640290678 0.572701216 0.575079858
30.0 0.640290678 0.572701216 0.575079858
32.0 0.640290678 0.572701216 0.575079858
34.0 0.640290678 0.572701216 0.575079858
36.0 0.640290678 0.572701216 0.575079858
38.0 0.640290678 0.572701216 0.575079858
40.0 0.640290678 0.572701216 0.575079858
42.0 0.640290678 0.572701216 0.575079858
44.0 0.640290678 0.572701216 0.575079858
46.0 0.640290678 0.572701216 0.575079858
48.0 0.640290678 0.572701216 0.575079858
50.0 0.640290678 0.572701216 0.575079858
52.0 0.640290678 0.572701216 0.575079858
54.0 0.640290678 0.572701216 0.575079858
56.0 0.640290678 0.572701216 0.575079858
58.0 0.640290678 0.572701216 0.575079858
60.0 0.640290678 0.572701216 0.575079858
62.0 0.640290678 0.572701216 0.575079858
64.0 0.640290678 0.572701216 0.575079858
66.0 0.640290678 0.572701216 0.575079858
68.0 0.640290678 0.572701216 0.575079858
70.0 0.640290678 0.572701216 0.575079858
72.0 0.640290678 0.572701216 0.575079858
74.0 0.640290678 0.572701216 0.575079858
76.0 0.640290678 0.572701216 0.575079858
78.0 0.640290678 0.572701216 0.575079858
80.0 0.640290678 0.572701216 0.575079858
85.0 0.59800756 0.801687777 0.0607222766
90.0 0.581526875 0.502433062 0.660166264
95.0 0.476703465 0.420689642 0.643747985
100.0 0.526733994 0.454502702 0.618164361
105.0 0.541082978 0.465363681 0.601535022
110.0 0.497238308 0.427372962 0.570377469
115.0 0.507478774 0.445918381 0.699199975
120.0 0.615633428 0.538310409 0.613759995
125.0 0.615716398 0.543464482 0.548160017
175.0 0.650210202 0.643596709 0.380231798
