2.0 0.549085557 0.472368091 0.60312897
4.0 0.421038479 0.421038479 1.0
6.0 0.421038479 0.421038479 1.0
8.0 0.421038479 0.421038479 1.0
10.0 0.421038479 0.421038479 1.0
12.0 0.421038479 0.421038479 1.0
14.0 0.421038479 0.421038479 1.0
16.0 0.421038479 0.421038479 1.0
18.0 0.421038479 0.421038479 1.0
20.0 0.421038479 0.421038479 1.0
22.0 0.421038479 0.421038479 1.0
24.0 0.421038479 0.421038479 1.0
26.0 0.421038479 0.421038479 1.0
28.0 0.421038479 0.421038479 1.0
30.0 0.421038479 0.421038479 1.0
32.0 0.421038479 0.421038479 1.0
34.0 0.421038479 0.421038479 1.0
36.0 0.421038479 0.421038479 1.0
38.0 0.421038479 0.421038479 1.0
40.0 0.421038479 0.421038479 1.0
42.0 0.421038479 0.421038479 1.0
44.0 0.421038479 0.421038479 1.0
46.0 0.421038479 0.421038479 1.0
48.0 0.421038479 0.421038479 1.0
50.0 0.421038479 0.421038479 1.0
52.0 0.421038479 0.421038479 1.0
54.0 0.421038479 0.421038479 1.0
56.0 0.421038479 0.421038479 1.0
58.0 0.421038479 0.421038479 1.0
60.0 0.421038479 0.421038479 1.0
62.0 0.421038479 0.421038479 1.0
64.0 0.421038479 0.421038479 1.0
66.0 0.421038479 0.421038479 1.0
68.0 0.421038479 0.421038479 1.0
70.0 0.421038479 0.421038479 1.0
72.0 0.421038479 0.421038479 1.0
74.0 0.421038479 0.421038479 1.0
76.0 0.421038479 0.421038479 1.0
78.0 0.421038479 0.421038479 1.0
80.0 0.421038479 0.421038479 1.0
85.0 0.552550137 0.321818173 0.0565675944
90.0 0.406864077 0.375438601 0.6155321
95.0 0.449037284 0.386603981 0.526063323
100.0 0.421336204 0.333806425 0.376320004
105.0 0.423066556 0.362491101 0.488000005
110.0 0.574201345 0.289156616 0.0076824585
115.0 0.625640333 0.678681791 0.210947499
120.0 0.613185942 0.609819114 0.226632521
125.0 0.561353803 0.475258917 0.396606922
175.0 0.578076243 NaN 0.0
