15.0 0.198762774 0.241208792 0.420498073
30.0 0.903112769 0.853407741 0.9296
45.0 0.879708409 0.865201712 0.84605515
60.0 0.87851733 0.912476718 0.787022173
75.0 0.899729371 0.909467876 0.846030235
90.0 0.910779655 0.895503044 0.892039955
105.0 0.916055441 0.923838794 0.872580647
120.0 0.928551972 0.927405953 0.900711536
135.0 0.929379702 0.957947254 0.870466292
150.0 0.93060112 0.948414087 0.883154809
165.0 0.928493321 0.943095088 0.883327901
180.0 0.917933941 0.910328805 0.892833889
195.0 0.917637408 0.912403882 0.889504552
210.0 0.917637408 0.912403882 0.889504552
225.0 0.917637408 0.912403882 0.889504552
240.0 0.923519731 0.931865096 0.882659733
255.0 0.917729318 0.906126499 0.897260249
270.0 0.917729318 0.906126499 0.897260249
285.0 0.917729318 0.906126499 0.897260249
300.0 0.917729318 0.906126499 0.897260249
315.0 0.917729318 0.906126499 0.897260249
330.0 0.917729318 0.906126499 0.897260249
345.0 0.928021967 0.944950938 0.880143702
360.0 0.928021967 0.944950938 0.880143702
375.0 0.930897117 0.952920377 0.879163921
390.0 0.924567163 0.95774132 0.858589172
405.0 0.930043995 0.952803433 0.877164304
420.0 0.929072142 0.955913961 0.87156862
435.0 0.930712104 0.950935423 0.880679965
450.0 0.930152595 0.942421079 0.888198733
465.0 0.930811584 0.952195466 0.879620552
480.0 0.930939615 0.950935423 0.881256163
495.0 0.931058228 0.949015498 0.883469701
510.0 0.930085301 0.957255721 0.872626066
525.0 0.930075705 0.954302013 0.875532269
540.0 0.930616736 0.951470077 0.879790366
555.0 0.930194139 0.956927478 0.873239458
570.0 0.930588067 0.951470077 0.879790366
585.0 0.926022887 0.960117102 0.859764099
600.0 0.931789994 0.952532768 0.881639361
605.0 0.932056248 0.949367106 0.885536253
610.0 0.931210339 0.954383492 0.878320754
615.0 0.930639803 0.952042639 0.87926507
620.0 0.93006897 0.954871058 0.874958992
625.0 0.931153417 0.950779021 0.881773412
630.0 0.93086797 0.951687396 0.880091965
635.0 0.930996418 0.952991426 0.879106462
640.0 0.929882705 0.95415473 0.87516427
645.0 0.931253433 0.95014143 0.882720113
695.0 0.926657438 0.953412771 0.867850125
